(kicad_pcb (version 4) (host pcbnew 4.0.2+dfsg1-stable)

  (general
    (links 181)
    (no_connects 0)
    (area 86.082687 29.566399 429.411601 151.1101)
    (thickness 1.6)
    (drawings 32)
    (tracks 989)
    (zones 0)
    (modules 77)
    (nets 113)
  )

  (page A4)
  (layers
    (0 F.Cu signal)
    (31 B.Cu signal)
    (32 B.Adhes user)
    (33 F.Adhes user)
    (34 B.Paste user)
    (35 F.Paste user)
    (36 B.SilkS user)
    (37 F.SilkS user)
    (38 B.Mask user)
    (39 F.Mask user)
    (40 Dwgs.User user)
    (41 Cmts.User user)
    (42 Eco1.User user)
    (43 Eco2.User user)
    (44 Edge.Cuts user)
    (45 Margin user)
    (46 B.CrtYd user)
    (47 F.CrtYd user)
    (48 B.Fab user)
    (49 F.Fab user)
  )

  (setup
    (last_trace_width 0.25)
    (trace_clearance 0.2)
    (zone_clearance 0.508)
    (zone_45_only yes)
    (trace_min 0.1)
    (segment_width 0.2)
    (edge_width 0.1)
    (via_size 0.6)
    (via_drill 0.4)
    (via_min_size 0.1)
    (via_min_drill 0.3)
    (uvia_size 0.3)
    (uvia_drill 0.1)
    (uvias_allowed no)
    (uvia_min_size 0.1)
    (uvia_min_drill 0.1)
    (pcb_text_width 0.3)
    (pcb_text_size 1.5 1.5)
    (mod_edge_width 0.15)
    (mod_text_size 1 1)
    (mod_text_width 0.15)
    (pad_size 10 10)
    (pad_drill 7.1)
    (pad_to_mask_clearance 0)
    (aux_axis_origin 0 0)
    (visible_elements FFFFF77F)
    (pcbplotparams
      (layerselection 0x010f0_80000001)
      (usegerberextensions true)
      (excludeedgelayer true)
      (linewidth 0.100000)
      (plotframeref false)
      (viasonmask false)
      (mode 1)
      (useauxorigin false)
      (hpglpennumber 1)
      (hpglpenspeed 20)
      (hpglpendiameter 15)
      (hpglpenoverlay 2)
      (psnegative false)
      (psa4output false)
      (plotreference true)
      (plotvalue true)
      (plotinvisibletext false)
      (padsonsilk false)
      (subtractmaskfromsilk false)
      (outputformat 1)
      (mirror false)
      (drillshape 0)
      (scaleselection 1)
      (outputdirectory gerber/))
  )

  (net 0 "")
  (net 1 +5V)
  (net 2 GND)
  (net 3 /3.7V)
  (net 4 "Net-(C5-Pad1)")
  (net 5 "Net-(C6-Pad2)")
  (net 6 "Net-(C7-Pad1)")
  (net 7 /RESET)
  (net 8 CHG5.5V)
  (net 9 +3.3V)
  (net 10 "Net-(C12-Pad1)")
  (net 11 "Net-(C15-Pad2)")
  (net 12 "Net-(C16-Pad2)")
  (net 13 "Net-(C17-Pad1)")
  (net 14 "Net-(C17-Pad2)")
  (net 15 "Net-(C19-Pad2)")
  (net 16 "Net-(C20-Pad1)")
  (net 17 "Net-(C20-Pad2)")
  (net 18 "Net-(C21-Pad2)")
  (net 19 "Net-(C22-Pad1)")
  (net 20 "Net-(C23-Pad2)")
  (net 21 "Net-(C24-Pad1)")
  (net 22 "Net-(C25-Pad2)")
  (net 23 "Net-(D1-Pad2)")
  (net 24 "Net-(D2-Pad1)")
  (net 25 /USART1_RX)
  (net 26 /USART1_TX)
  (net 27 "Net-(L2-Pad2)")
  (net 28 "Net-(L2-Pad1)")
  (net 29 "Net-(P1-Pad2)")
  (net 30 /SWDIO)
  (net 31 /SWCLK)
  (net 32 "Net-(P3-Pad2)")
  (net 33 "Net-(P4-Pad2)")
  (net 34 "Net-(P5-Pad2)")
  (net 35 "Net-(P6-Pad2)")
  (net 36 /PWM_1)
  (net 37 /BOOT0)
  (net 38 /PWM_2)
  (net 39 /PWM_3)
  (net 40 /PWM_4)
  (net 41 "Net-(R2-Pad2)")
  (net 42 "Net-(R5-Pad1)")
  (net 43 /I2C1_SCL)
  (net 44 /I2C1_SDA)
  (net 45 "Net-(R8-Pad2)")
  (net 46 "Net-(R9-Pad1)")
  (net 47 "Net-(R9-Pad2)")
  (net 48 "Net-(R10-Pad1)")
  (net 49 "Net-(R10-Pad2)")
  (net 50 /BOOT1)
  (net 51 "Net-(SW1-Pad1)")
  (net 52 "Net-(U1-Pad1)")
  (net 53 "Net-(U1-Pad2)")
  (net 54 /SPI2_SCK)
  (net 55 /SPI2_MOSI)
  (net 56 /SPI2_MISO)
  (net 57 "Net-(U1-Pad6)")
  (net 58 "Net-(U2-Pad2)")
  (net 59 "Net-(U2-Pad8)")
  (net 60 "Net-(U2-Pad9)")
  (net 61 "Net-(U2-Pad10)")
  (net 62 "Net-(U2-Pad11)")
  (net 63 "Net-(U2-Pad14)")
  (net 64 "Net-(U2-Pad15)")
  (net 65 "Net-(U2-Pad16)")
  (net 66 "Net-(U2-Pad17)")
  (net 67 "Net-(U2-Pad20)")
  (net 68 "Net-(U2-Pad21)")
  (net 69 "Net-(U2-Pad24)")
  (net 70 "Net-(U2-Pad25)")
  (net 71 "Net-(U2-Pad33)")
  (net 72 "Net-(U2-Pad37)")
  (net 73 "Net-(U2-Pad38)")
  (net 74 "Net-(U2-Pad39)")
  (net 75 "Net-(U2-Pad40)")
  (net 76 "Net-(U2-Pad41)")
  (net 77 "Net-(U2-Pad50)")
  (net 78 "Net-(U2-Pad51)")
  (net 79 "Net-(U2-Pad52)")
  (net 80 "Net-(U2-Pad53)")
  (net 81 "Net-(U2-Pad54)")
  (net 82 "Net-(U2-Pad55)")
  (net 83 "Net-(U2-Pad56)")
  (net 84 "Net-(U2-Pad57)")
  (net 85 "Net-(U2-Pad61)")
  (net 86 "Net-(U2-Pad62)")
  (net 87 "Net-(U3-Pad2)")
  (net 88 "Net-(U3-Pad3)")
  (net 89 "Net-(U3-Pad4)")
  (net 90 "Net-(U3-Pad5)")
  (net 91 /AUX_DA)
  (net 92 /AUX_CL)
  (net 93 "Net-(U3-Pad14)")
  (net 94 "Net-(U3-Pad15)")
  (net 95 "Net-(U3-Pad16)")
  (net 96 "Net-(U3-Pad17)")
  (net 97 "Net-(U3-Pad19)")
  (net 98 "Net-(U3-Pad21)")
  (net 99 "Net-(U3-Pad22)")
  (net 100 "Net-(U6-Pad4)")
  (net 101 "Net-(U7-Pad3)")
  (net 102 "Net-(U7-Pad5)")
  (net 103 "Net-(U7-Pad6)")
  (net 104 "Net-(U7-Pad7)")
  (net 105 "Net-(U7-Pad14)")
  (net 106 "Net-(P7-Pad3)")
  (net 107 "Net-(P7-Pad4)")
  (net 108 "Net-(P7-Pad8)")
  (net 109 /USB_DM)
  (net 110 /USB_DP)
  (net 111 /USART3_TX)
  (net 112 /ANT)

  (net_class Default "This is the default net class."
    (clearance 0.2)
    (trace_width 0.25)
    (via_dia 0.6)
    (via_drill 0.4)
    (uvia_dia 0.3)
    (uvia_drill 0.1)
    (add_net +3.3V)
    (add_net /AUX_CL)
    (add_net /AUX_DA)
    (add_net /BOOT0)
    (add_net /BOOT1)
    (add_net /I2C1_SCL)
    (add_net /I2C1_SDA)
    (add_net /PWM_1)
    (add_net /PWM_2)
    (add_net /PWM_3)
    (add_net /PWM_4)
    (add_net /RESET)
    (add_net /SPI2_MISO)
    (add_net /SPI2_MOSI)
    (add_net /SPI2_SCK)
    (add_net /SWCLK)
    (add_net /SWDIO)
    (add_net /USART1_RX)
    (add_net /USART1_TX)
    (add_net /USART3_TX)
    (add_net /USB_DM)
    (add_net /USB_DP)
    (add_net CHG5.5V)
    (add_net GND)
    (add_net "Net-(C12-Pad1)")
    (add_net "Net-(C15-Pad2)")
    (add_net "Net-(C16-Pad2)")
    (add_net "Net-(C17-Pad1)")
    (add_net "Net-(C17-Pad2)")
    (add_net "Net-(C19-Pad2)")
    (add_net "Net-(C20-Pad1)")
    (add_net "Net-(C20-Pad2)")
    (add_net "Net-(C21-Pad2)")
    (add_net "Net-(C22-Pad1)")
    (add_net "Net-(C23-Pad2)")
    (add_net "Net-(C24-Pad1)")
    (add_net "Net-(C25-Pad2)")
    (add_net "Net-(C5-Pad1)")
    (add_net "Net-(C6-Pad2)")
    (add_net "Net-(C7-Pad1)")
    (add_net "Net-(D1-Pad2)")
    (add_net "Net-(D2-Pad1)")
    (add_net "Net-(L2-Pad1)")
    (add_net "Net-(L2-Pad2)")
    (add_net "Net-(P1-Pad2)")
    (add_net "Net-(P3-Pad2)")
    (add_net "Net-(P4-Pad2)")
    (add_net "Net-(P5-Pad2)")
    (add_net "Net-(P6-Pad2)")
    (add_net "Net-(P7-Pad3)")
    (add_net "Net-(P7-Pad4)")
    (add_net "Net-(P7-Pad8)")
    (add_net "Net-(R10-Pad1)")
    (add_net "Net-(R10-Pad2)")
    (add_net "Net-(R2-Pad2)")
    (add_net "Net-(R5-Pad1)")
    (add_net "Net-(R8-Pad2)")
    (add_net "Net-(R9-Pad1)")
    (add_net "Net-(R9-Pad2)")
    (add_net "Net-(SW1-Pad1)")
    (add_net "Net-(U1-Pad1)")
    (add_net "Net-(U1-Pad2)")
    (add_net "Net-(U1-Pad6)")
    (add_net "Net-(U2-Pad10)")
    (add_net "Net-(U2-Pad11)")
    (add_net "Net-(U2-Pad14)")
    (add_net "Net-(U2-Pad15)")
    (add_net "Net-(U2-Pad16)")
    (add_net "Net-(U2-Pad17)")
    (add_net "Net-(U2-Pad2)")
    (add_net "Net-(U2-Pad20)")
    (add_net "Net-(U2-Pad21)")
    (add_net "Net-(U2-Pad24)")
    (add_net "Net-(U2-Pad25)")
    (add_net "Net-(U2-Pad33)")
    (add_net "Net-(U2-Pad37)")
    (add_net "Net-(U2-Pad38)")
    (add_net "Net-(U2-Pad39)")
    (add_net "Net-(U2-Pad40)")
    (add_net "Net-(U2-Pad41)")
    (add_net "Net-(U2-Pad50)")
    (add_net "Net-(U2-Pad51)")
    (add_net "Net-(U2-Pad52)")
    (add_net "Net-(U2-Pad53)")
    (add_net "Net-(U2-Pad54)")
    (add_net "Net-(U2-Pad55)")
    (add_net "Net-(U2-Pad56)")
    (add_net "Net-(U2-Pad57)")
    (add_net "Net-(U2-Pad61)")
    (add_net "Net-(U2-Pad62)")
    (add_net "Net-(U2-Pad8)")
    (add_net "Net-(U2-Pad9)")
    (add_net "Net-(U3-Pad14)")
    (add_net "Net-(U3-Pad15)")
    (add_net "Net-(U3-Pad16)")
    (add_net "Net-(U3-Pad17)")
    (add_net "Net-(U3-Pad19)")
    (add_net "Net-(U3-Pad2)")
    (add_net "Net-(U3-Pad21)")
    (add_net "Net-(U3-Pad22)")
    (add_net "Net-(U3-Pad3)")
    (add_net "Net-(U3-Pad4)")
    (add_net "Net-(U3-Pad5)")
    (add_net "Net-(U6-Pad4)")
    (add_net "Net-(U7-Pad14)")
    (add_net "Net-(U7-Pad3)")
    (add_net "Net-(U7-Pad5)")
    (add_net "Net-(U7-Pad6)")
    (add_net "Net-(U7-Pad7)")
  )

  (net_class ANT ""
    (clearance 0.2)
    (trace_width 0.4)
    (via_dia 0.6)
    (via_drill 0.4)
    (uvia_dia 0.3)
    (uvia_drill 0.1)
    (add_net /ANT)
  )

  (net_class POWER ""
    (clearance 0.2)
    (trace_width 0.4)
    (via_dia 0.6)
    (via_drill 0.4)
    (uvia_dia 0.3)
    (uvia_drill 0.1)
    (add_net +5V)
    (add_net /3.7V)
  )

  (module wisape:720motor (layer F.Cu) (tedit 5789E0EB) (tstamp 5789E095)
    (at 179.1462 136.3853 180)
    (fp_text reference REF** (at 5.1435 7.1501 360) (layer F.SilkS)
      (effects (font (size 1 1) (thickness 0.15)))
    )
    (fp_text value 720motor (at 5.9309 5.5372 180) (layer F.Fab)
      (effects (font (size 1 1) (thickness 0.15)))
    )
    (pad 1 thru_hole circle (at 0.1397 -0.1524 180) (size 10 10) (drill 7.1) (layers *.Cu *.Mask F.SilkS))
  )

  (module wisape:720motor (layer F.Cu) (tedit 5789E05D) (tstamp 5789DF7B)
    (at 122.0597 150.6601 180)
    (fp_text reference REF** (at 20.574 23.8379 360) (layer F.SilkS)
      (effects (font (size 1 1) (thickness 0.15)))
    )
    (fp_text value 720motor (at 20.7518 21.1709 180) (layer F.Fab)
      (effects (font (size 1 1) (thickness 0.15)))
    )
    (pad 1 thru_hole circle (at 28.7909 14.1224 180) (size 10 10) (drill 7.1) (layers *.Cu *.Mask F.SilkS))
  )

  (module wisape:720motor (layer F.Cu) (tedit 5789DEA9) (tstamp 5789DDC8)
    (at 150.4696 36.7919)
    (fp_text reference REF** (at 20.574 23.8379 180) (layer F.SilkS)
      (effects (font (size 1 1) (thickness 0.15)))
    )
    (fp_text value 720motor (at 20.7518 21.1709) (layer F.Fab)
      (effects (font (size 1 1) (thickness 0.15)))
    )
    (pad 1 thru_hole circle (at 28.5369 14.097) (size 10 10) (drill 7.1) (layers *.Cu *.Mask F.SilkS))
  )

  (module Capacitors_SMD:C_0603_HandSoldering placed (layer B.Cu) (tedit 541A9B4D) (tstamp 577E58AD)
    (at 124.206 85.3948)
    (descr "Capacitor SMD 0603, hand soldering")
    (tags "capacitor 0603")
    (path /5646951F)
    (attr smd)
    (fp_text reference C1 (at 0 1.9) (layer B.SilkS)
      (effects (font (size 1 1) (thickness 0.15)) (justify mirror))
    )
    (fp_text value 1uF (at 0 -1.9) (layer B.Fab)
      (effects (font (size 1 1) (thickness 0.15)) (justify mirror))
    )
    (fp_line (start -1.85 0.75) (end 1.85 0.75) (layer B.CrtYd) (width 0.05))
    (fp_line (start -1.85 -0.75) (end 1.85 -0.75) (layer B.CrtYd) (width 0.05))
    (fp_line (start -1.85 0.75) (end -1.85 -0.75) (layer B.CrtYd) (width 0.05))
    (fp_line (start 1.85 0.75) (end 1.85 -0.75) (layer B.CrtYd) (width 0.05))
    (fp_line (start -0.35 0.6) (end 0.35 0.6) (layer B.SilkS) (width 0.15))
    (fp_line (start 0.35 -0.6) (end -0.35 -0.6) (layer B.SilkS) (width 0.15))
    (pad 1 smd rect (at -0.95 0) (size 1.2 0.75) (layers B.Cu B.Paste B.Mask)
      (net 1 +5V))
    (pad 2 smd rect (at 0.95 0) (size 1.2 0.75) (layers B.Cu B.Paste B.Mask)
      (net 2 GND))
    (model Capacitors_SMD.3dshapes/C_0603_HandSoldering.wrl
      (at (xyz 0 0 0))
      (scale (xyz 1 1 1))
      (rotate (xyz 0 0 0))
    )
  )

  (module Capacitors_SMD:C_0603_HandSoldering placed (layer B.Cu) (tedit 541A9B4D) (tstamp 577E58B9)
    (at 124.206 82.8548)
    (descr "Capacitor SMD 0603, hand soldering")
    (tags "capacitor 0603")
    (path /56469531)
    (attr smd)
    (fp_text reference C2 (at 0 1.9) (layer B.SilkS)
      (effects (font (size 1 1) (thickness 0.15)) (justify mirror))
    )
    (fp_text value 104 (at 0 -1.9) (layer B.Fab)
      (effects (font (size 1 1) (thickness 0.15)) (justify mirror))
    )
    (fp_line (start -1.85 0.75) (end 1.85 0.75) (layer B.CrtYd) (width 0.05))
    (fp_line (start -1.85 -0.75) (end 1.85 -0.75) (layer B.CrtYd) (width 0.05))
    (fp_line (start -1.85 0.75) (end -1.85 -0.75) (layer B.CrtYd) (width 0.05))
    (fp_line (start 1.85 0.75) (end 1.85 -0.75) (layer B.CrtYd) (width 0.05))
    (fp_line (start -0.35 0.6) (end 0.35 0.6) (layer B.SilkS) (width 0.15))
    (fp_line (start 0.35 -0.6) (end -0.35 -0.6) (layer B.SilkS) (width 0.15))
    (pad 1 smd rect (at -0.95 0) (size 1.2 0.75) (layers B.Cu B.Paste B.Mask)
      (net 1 +5V))
    (pad 2 smd rect (at 0.95 0) (size 1.2 0.75) (layers B.Cu B.Paste B.Mask)
      (net 2 GND))
    (model Capacitors_SMD.3dshapes/C_0603_HandSoldering.wrl
      (at (xyz 0 0 0))
      (scale (xyz 1 1 1))
      (rotate (xyz 0 0 0))
    )
  )

  (module Capacitors_SMD:C_0603_HandSoldering placed (layer B.Cu) (tedit 541A9B4D) (tstamp 577E58C5)
    (at 124.206 91.7448 180)
    (descr "Capacitor SMD 0603, hand soldering")
    (tags "capacitor 0603")
    (path /564B2909)
    (attr smd)
    (fp_text reference C3 (at 0 1.9 180) (layer B.SilkS)
      (effects (font (size 1 1) (thickness 0.15)) (justify mirror))
    )
    (fp_text value 10uF (at 0 -1.9 180) (layer B.Fab)
      (effects (font (size 1 1) (thickness 0.15)) (justify mirror))
    )
    (fp_line (start -1.85 0.75) (end 1.85 0.75) (layer B.CrtYd) (width 0.05))
    (fp_line (start -1.85 -0.75) (end 1.85 -0.75) (layer B.CrtYd) (width 0.05))
    (fp_line (start -1.85 0.75) (end -1.85 -0.75) (layer B.CrtYd) (width 0.05))
    (fp_line (start 1.85 0.75) (end 1.85 -0.75) (layer B.CrtYd) (width 0.05))
    (fp_line (start -0.35 0.6) (end 0.35 0.6) (layer B.SilkS) (width 0.15))
    (fp_line (start 0.35 -0.6) (end -0.35 -0.6) (layer B.SilkS) (width 0.15))
    (pad 1 smd rect (at -0.95 0 180) (size 1.2 0.75) (layers B.Cu B.Paste B.Mask)
      (net 3 /3.7V))
    (pad 2 smd rect (at 0.95 0 180) (size 1.2 0.75) (layers B.Cu B.Paste B.Mask)
      (net 2 GND))
    (model Capacitors_SMD.3dshapes/C_0603_HandSoldering.wrl
      (at (xyz 0 0 0))
      (scale (xyz 1 1 1))
      (rotate (xyz 0 0 0))
    )
  )

  (module Capacitors_SMD:C_0603_HandSoldering placed (layer B.Cu) (tedit 541A9B4D) (tstamp 577E58D1)
    (at 124.206 94.2848 180)
    (descr "Capacitor SMD 0603, hand soldering")
    (tags "capacitor 0603")
    (path /564B2910)
    (attr smd)
    (fp_text reference C4 (at 0 1.9 180) (layer B.SilkS)
      (effects (font (size 1 1) (thickness 0.15)) (justify mirror))
    )
    (fp_text value 104 (at 0 -1.9 180) (layer B.Fab)
      (effects (font (size 1 1) (thickness 0.15)) (justify mirror))
    )
    (fp_line (start -1.85 0.75) (end 1.85 0.75) (layer B.CrtYd) (width 0.05))
    (fp_line (start -1.85 -0.75) (end 1.85 -0.75) (layer B.CrtYd) (width 0.05))
    (fp_line (start -1.85 0.75) (end -1.85 -0.75) (layer B.CrtYd) (width 0.05))
    (fp_line (start 1.85 0.75) (end 1.85 -0.75) (layer B.CrtYd) (width 0.05))
    (fp_line (start -0.35 0.6) (end 0.35 0.6) (layer B.SilkS) (width 0.15))
    (fp_line (start 0.35 -0.6) (end -0.35 -0.6) (layer B.SilkS) (width 0.15))
    (pad 1 smd rect (at -0.95 0 180) (size 1.2 0.75) (layers B.Cu B.Paste B.Mask)
      (net 3 /3.7V))
    (pad 2 smd rect (at 0.95 0 180) (size 1.2 0.75) (layers B.Cu B.Paste B.Mask)
      (net 2 GND))
    (model Capacitors_SMD.3dshapes/C_0603_HandSoldering.wrl
      (at (xyz 0 0 0))
      (scale (xyz 1 1 1))
      (rotate (xyz 0 0 0))
    )
  )

  (module Capacitors_SMD:C_0603_HandSoldering placed (layer B.Cu) (tedit 541A9B4D) (tstamp 577E58DD)
    (at 157.226 91.4908 90)
    (descr "Capacitor SMD 0603, hand soldering")
    (tags "capacitor 0603")
    (path /56469334)
    (attr smd)
    (fp_text reference C5 (at 0 1.9 90) (layer B.SilkS)
      (effects (font (size 1 1) (thickness 0.15)) (justify mirror))
    )
    (fp_text value 22pF (at 0 -1.9 90) (layer B.Fab)
      (effects (font (size 1 1) (thickness 0.15)) (justify mirror))
    )
    (fp_line (start -1.85 0.75) (end 1.85 0.75) (layer B.CrtYd) (width 0.05))
    (fp_line (start -1.85 -0.75) (end 1.85 -0.75) (layer B.CrtYd) (width 0.05))
    (fp_line (start -1.85 0.75) (end -1.85 -0.75) (layer B.CrtYd) (width 0.05))
    (fp_line (start 1.85 0.75) (end 1.85 -0.75) (layer B.CrtYd) (width 0.05))
    (fp_line (start -0.35 0.6) (end 0.35 0.6) (layer B.SilkS) (width 0.15))
    (fp_line (start 0.35 -0.6) (end -0.35 -0.6) (layer B.SilkS) (width 0.15))
    (pad 1 smd rect (at -0.95 0 90) (size 1.2 0.75) (layers B.Cu B.Paste B.Mask)
      (net 4 "Net-(C5-Pad1)"))
    (pad 2 smd rect (at 0.95 0 90) (size 1.2 0.75) (layers B.Cu B.Paste B.Mask)
      (net 2 GND))
    (model Capacitors_SMD.3dshapes/C_0603_HandSoldering.wrl
      (at (xyz 0 0 0))
      (scale (xyz 1 1 1))
      (rotate (xyz 0 0 0))
    )
  )

  (module Capacitors_SMD:C_0603_HandSoldering placed (layer B.Cu) (tedit 541A9B4D) (tstamp 577E58E9)
    (at 135.128 83.3628)
    (descr "Capacitor SMD 0603, hand soldering")
    (tags "capacitor 0603")
    (path /56469341)
    (attr smd)
    (fp_text reference C6 (at 0 1.9) (layer B.SilkS)
      (effects (font (size 1 1) (thickness 0.15)) (justify mirror))
    )
    (fp_text value 22pF (at 0 -1.9) (layer B.Fab)
      (effects (font (size 1 1) (thickness 0.15)) (justify mirror))
    )
    (fp_line (start -1.85 0.75) (end 1.85 0.75) (layer B.CrtYd) (width 0.05))
    (fp_line (start -1.85 -0.75) (end 1.85 -0.75) (layer B.CrtYd) (width 0.05))
    (fp_line (start -1.85 0.75) (end -1.85 -0.75) (layer B.CrtYd) (width 0.05))
    (fp_line (start 1.85 0.75) (end 1.85 -0.75) (layer B.CrtYd) (width 0.05))
    (fp_line (start -0.35 0.6) (end 0.35 0.6) (layer B.SilkS) (width 0.15))
    (fp_line (start 0.35 -0.6) (end -0.35 -0.6) (layer B.SilkS) (width 0.15))
    (pad 1 smd rect (at -0.95 0) (size 1.2 0.75) (layers B.Cu B.Paste B.Mask)
      (net 2 GND))
    (pad 2 smd rect (at 0.95 0) (size 1.2 0.75) (layers B.Cu B.Paste B.Mask)
      (net 5 "Net-(C6-Pad2)"))
    (model Capacitors_SMD.3dshapes/C_0603_HandSoldering.wrl
      (at (xyz 0 0 0))
      (scale (xyz 1 1 1))
      (rotate (xyz 0 0 0))
    )
  )

  (module Capacitors_SMD:C_0603_HandSoldering placed (layer B.Cu) (tedit 541A9B4D) (tstamp 577E58F5)
    (at 119.126 84.1248)
    (descr "Capacitor SMD 0603, hand soldering")
    (tags "capacitor 0603")
    (path /564B3312)
    (attr smd)
    (fp_text reference C7 (at 0 1.9) (layer B.SilkS)
      (effects (font (size 1 1) (thickness 0.15)) (justify mirror))
    )
    (fp_text value 220pF (at 0 -1.9) (layer B.Fab)
      (effects (font (size 1 1) (thickness 0.15)) (justify mirror))
    )
    (fp_line (start -1.85 0.75) (end 1.85 0.75) (layer B.CrtYd) (width 0.05))
    (fp_line (start -1.85 -0.75) (end 1.85 -0.75) (layer B.CrtYd) (width 0.05))
    (fp_line (start -1.85 0.75) (end -1.85 -0.75) (layer B.CrtYd) (width 0.05))
    (fp_line (start 1.85 0.75) (end 1.85 -0.75) (layer B.CrtYd) (width 0.05))
    (fp_line (start -0.35 0.6) (end 0.35 0.6) (layer B.SilkS) (width 0.15))
    (fp_line (start 0.35 -0.6) (end -0.35 -0.6) (layer B.SilkS) (width 0.15))
    (pad 1 smd rect (at -0.95 0) (size 1.2 0.75) (layers B.Cu B.Paste B.Mask)
      (net 6 "Net-(C7-Pad1)"))
    (pad 2 smd rect (at 0.95 0) (size 1.2 0.75) (layers B.Cu B.Paste B.Mask)
      (net 1 +5V))
    (model Capacitors_SMD.3dshapes/C_0603_HandSoldering.wrl
      (at (xyz 0 0 0))
      (scale (xyz 1 1 1))
      (rotate (xyz 0 0 0))
    )
  )

  (module Capacitors_SMD:C_0603_HandSoldering placed (layer F.Cu) (tedit 541A9B4D) (tstamp 577E5901)
    (at 117.602 80.0608 270)
    (descr "Capacitor SMD 0603, hand soldering")
    (tags "capacitor 0603")
    (path /5646ECEB)
    (attr smd)
    (fp_text reference C8 (at 0 -1.9 270) (layer F.SilkS)
      (effects (font (size 1 1) (thickness 0.15)))
    )
    (fp_text value C (at 0 1.9 270) (layer F.Fab)
      (effects (font (size 1 1) (thickness 0.15)))
    )
    (fp_line (start -1.85 -0.75) (end 1.85 -0.75) (layer F.CrtYd) (width 0.05))
    (fp_line (start -1.85 0.75) (end 1.85 0.75) (layer F.CrtYd) (width 0.05))
    (fp_line (start -1.85 -0.75) (end -1.85 0.75) (layer F.CrtYd) (width 0.05))
    (fp_line (start 1.85 -0.75) (end 1.85 0.75) (layer F.CrtYd) (width 0.05))
    (fp_line (start -0.35 -0.6) (end 0.35 -0.6) (layer F.SilkS) (width 0.15))
    (fp_line (start 0.35 0.6) (end -0.35 0.6) (layer F.SilkS) (width 0.15))
    (pad 1 smd rect (at -0.95 0 270) (size 1.2 0.75) (layers F.Cu F.Paste F.Mask)
      (net 7 /RESET))
    (pad 2 smd rect (at 0.95 0 270) (size 1.2 0.75) (layers F.Cu F.Paste F.Mask)
      (net 2 GND))
    (model Capacitors_SMD.3dshapes/C_0603_HandSoldering.wrl
      (at (xyz 0 0 0))
      (scale (xyz 1 1 1))
      (rotate (xyz 0 0 0))
    )
  )

  (module Capacitors_SMD:C_0603_HandSoldering placed (layer B.Cu) (tedit 541A9B4D) (tstamp 577E590D)
    (at 124.206 100.6348 180)
    (descr "Capacitor SMD 0603, hand soldering")
    (tags "capacitor 0603")
    (path /564B4CF7)
    (attr smd)
    (fp_text reference C9 (at 0 1.9 180) (layer B.SilkS)
      (effects (font (size 1 1) (thickness 0.15)) (justify mirror))
    )
    (fp_text value 10uF (at 0 -1.9 180) (layer B.Fab)
      (effects (font (size 1 1) (thickness 0.15)) (justify mirror))
    )
    (fp_line (start -1.85 0.75) (end 1.85 0.75) (layer B.CrtYd) (width 0.05))
    (fp_line (start -1.85 -0.75) (end 1.85 -0.75) (layer B.CrtYd) (width 0.05))
    (fp_line (start -1.85 0.75) (end -1.85 -0.75) (layer B.CrtYd) (width 0.05))
    (fp_line (start 1.85 0.75) (end 1.85 -0.75) (layer B.CrtYd) (width 0.05))
    (fp_line (start -0.35 0.6) (end 0.35 0.6) (layer B.SilkS) (width 0.15))
    (fp_line (start 0.35 -0.6) (end -0.35 -0.6) (layer B.SilkS) (width 0.15))
    (pad 1 smd rect (at -0.95 0 180) (size 1.2 0.75) (layers B.Cu B.Paste B.Mask)
      (net 2 GND))
    (pad 2 smd rect (at 0.95 0 180) (size 1.2 0.75) (layers B.Cu B.Paste B.Mask)
      (net 8 CHG5.5V))
    (model Capacitors_SMD.3dshapes/C_0603_HandSoldering.wrl
      (at (xyz 0 0 0))
      (scale (xyz 1 1 1))
      (rotate (xyz 0 0 0))
    )
  )

  (module Capacitors_SMD:C_0603_HandSoldering placed (layer F.Cu) (tedit 541A9B4D) (tstamp 577E5919)
    (at 123.952 89.9668)
    (descr "Capacitor SMD 0603, hand soldering")
    (tags "capacitor 0603")
    (path /564B4137)
    (attr smd)
    (fp_text reference C10 (at 0 -1.9) (layer F.SilkS)
      (effects (font (size 1 1) (thickness 0.15)))
    )
    (fp_text value 104 (at 0 1.9) (layer F.Fab)
      (effects (font (size 1 1) (thickness 0.15)))
    )
    (fp_line (start -1.85 -0.75) (end 1.85 -0.75) (layer F.CrtYd) (width 0.05))
    (fp_line (start -1.85 0.75) (end 1.85 0.75) (layer F.CrtYd) (width 0.05))
    (fp_line (start -1.85 -0.75) (end -1.85 0.75) (layer F.CrtYd) (width 0.05))
    (fp_line (start 1.85 -0.75) (end 1.85 0.75) (layer F.CrtYd) (width 0.05))
    (fp_line (start -0.35 -0.6) (end 0.35 -0.6) (layer F.SilkS) (width 0.15))
    (fp_line (start 0.35 0.6) (end -0.35 0.6) (layer F.SilkS) (width 0.15))
    (pad 1 smd rect (at -0.95 0) (size 1.2 0.75) (layers F.Cu F.Paste F.Mask)
      (net 2 GND))
    (pad 2 smd rect (at 0.95 0) (size 1.2 0.75) (layers F.Cu F.Paste F.Mask)
      (net 9 +3.3V))
    (model Capacitors_SMD.3dshapes/C_0603_HandSoldering.wrl
      (at (xyz 0 0 0))
      (scale (xyz 1 1 1))
      (rotate (xyz 0 0 0))
    )
  )

  (module Capacitors_SMD:C_0603_HandSoldering placed (layer F.Cu) (tedit 541A9B4D) (tstamp 577E5925)
    (at 123.952 93.0148)
    (descr "Capacitor SMD 0603, hand soldering")
    (tags "capacitor 0603")
    (path /564B413D)
    (attr smd)
    (fp_text reference C11 (at 0 -1.9) (layer F.SilkS)
      (effects (font (size 1 1) (thickness 0.15)))
    )
    (fp_text value 2.2uF (at 0 1.9) (layer F.Fab)
      (effects (font (size 1 1) (thickness 0.15)))
    )
    (fp_line (start -1.85 -0.75) (end 1.85 -0.75) (layer F.CrtYd) (width 0.05))
    (fp_line (start -1.85 0.75) (end 1.85 0.75) (layer F.CrtYd) (width 0.05))
    (fp_line (start -1.85 -0.75) (end -1.85 0.75) (layer F.CrtYd) (width 0.05))
    (fp_line (start 1.85 -0.75) (end 1.85 0.75) (layer F.CrtYd) (width 0.05))
    (fp_line (start -0.35 -0.6) (end 0.35 -0.6) (layer F.SilkS) (width 0.15))
    (fp_line (start 0.35 0.6) (end -0.35 0.6) (layer F.SilkS) (width 0.15))
    (pad 1 smd rect (at -0.95 0) (size 1.2 0.75) (layers F.Cu F.Paste F.Mask)
      (net 2 GND))
    (pad 2 smd rect (at 0.95 0) (size 1.2 0.75) (layers F.Cu F.Paste F.Mask)
      (net 9 +3.3V))
    (model Capacitors_SMD.3dshapes/C_0603_HandSoldering.wrl
      (at (xyz 0 0 0))
      (scale (xyz 1 1 1))
      (rotate (xyz 0 0 0))
    )
  )

  (module Capacitors_SMD:C_0603_HandSoldering placed (layer F.Cu) (tedit 541A9B4D) (tstamp 577E5931)
    (at 144.526 101.9048 270)
    (descr "Capacitor SMD 0603, hand soldering")
    (tags "capacitor 0603")
    (path /5647049A)
    (attr smd)
    (fp_text reference C12 (at 0 -1.9 270) (layer F.SilkS)
      (effects (font (size 1 1) (thickness 0.15)))
    )
    (fp_text value 0.1uF (at 0 1.9 270) (layer F.Fab)
      (effects (font (size 1 1) (thickness 0.15)))
    )
    (fp_line (start -1.85 -0.75) (end 1.85 -0.75) (layer F.CrtYd) (width 0.05))
    (fp_line (start -1.85 0.75) (end 1.85 0.75) (layer F.CrtYd) (width 0.05))
    (fp_line (start -1.85 -0.75) (end -1.85 0.75) (layer F.CrtYd) (width 0.05))
    (fp_line (start 1.85 -0.75) (end 1.85 0.75) (layer F.CrtYd) (width 0.05))
    (fp_line (start -0.35 -0.6) (end 0.35 -0.6) (layer F.SilkS) (width 0.15))
    (fp_line (start 0.35 0.6) (end -0.35 0.6) (layer F.SilkS) (width 0.15))
    (pad 1 smd rect (at -0.95 0 270) (size 1.2 0.75) (layers F.Cu F.Paste F.Mask)
      (net 10 "Net-(C12-Pad1)"))
    (pad 2 smd rect (at 0.95 0 270) (size 1.2 0.75) (layers F.Cu F.Paste F.Mask)
      (net 2 GND))
    (model Capacitors_SMD.3dshapes/C_0603_HandSoldering.wrl
      (at (xyz 0 0 0))
      (scale (xyz 1 1 1))
      (rotate (xyz 0 0 0))
    )
  )

  (module Capacitors_SMD:C_0603_HandSoldering placed (layer F.Cu) (tedit 541A9B4D) (tstamp 577E593D)
    (at 140.716 112.0648 180)
    (descr "Capacitor SMD 0603, hand soldering")
    (tags "capacitor 0603")
    (path /5649E8BD)
    (attr smd)
    (fp_text reference C13 (at 0 -1.9 180) (layer F.SilkS)
      (effects (font (size 1 1) (thickness 0.15)))
    )
    (fp_text value 1uF (at 0 1.9 180) (layer F.Fab)
      (effects (font (size 1 1) (thickness 0.15)))
    )
    (fp_line (start -1.85 -0.75) (end 1.85 -0.75) (layer F.CrtYd) (width 0.05))
    (fp_line (start -1.85 0.75) (end 1.85 0.75) (layer F.CrtYd) (width 0.05))
    (fp_line (start -1.85 -0.75) (end -1.85 0.75) (layer F.CrtYd) (width 0.05))
    (fp_line (start 1.85 -0.75) (end 1.85 0.75) (layer F.CrtYd) (width 0.05))
    (fp_line (start -0.35 -0.6) (end 0.35 -0.6) (layer F.SilkS) (width 0.15))
    (fp_line (start 0.35 0.6) (end -0.35 0.6) (layer F.SilkS) (width 0.15))
    (pad 1 smd rect (at -0.95 0 180) (size 1.2 0.75) (layers F.Cu F.Paste F.Mask)
      (net 9 +3.3V))
    (pad 2 smd rect (at 0.95 0 180) (size 1.2 0.75) (layers F.Cu F.Paste F.Mask)
      (net 2 GND))
    (model Capacitors_SMD.3dshapes/C_0603_HandSoldering.wrl
      (at (xyz 0 0 0))
      (scale (xyz 1 1 1))
      (rotate (xyz 0 0 0))
    )
  )

  (module Capacitors_SMD:C_0603_HandSoldering placed (layer F.Cu) (tedit 541A9B4D) (tstamp 577E5949)
    (at 135.636 112.0648)
    (descr "Capacitor SMD 0603, hand soldering")
    (tags "capacitor 0603")
    (path /5649E8CD)
    (attr smd)
    (fp_text reference C14 (at 0 -1.9) (layer F.SilkS)
      (effects (font (size 1 1) (thickness 0.15)))
    )
    (fp_text value 104 (at 0 1.9) (layer F.Fab)
      (effects (font (size 1 1) (thickness 0.15)))
    )
    (fp_line (start -1.85 -0.75) (end 1.85 -0.75) (layer F.CrtYd) (width 0.05))
    (fp_line (start -1.85 0.75) (end 1.85 0.75) (layer F.CrtYd) (width 0.05))
    (fp_line (start -1.85 -0.75) (end -1.85 0.75) (layer F.CrtYd) (width 0.05))
    (fp_line (start 1.85 -0.75) (end 1.85 0.75) (layer F.CrtYd) (width 0.05))
    (fp_line (start -0.35 -0.6) (end 0.35 -0.6) (layer F.SilkS) (width 0.15))
    (fp_line (start 0.35 0.6) (end -0.35 0.6) (layer F.SilkS) (width 0.15))
    (pad 1 smd rect (at -0.95 0) (size 1.2 0.75) (layers F.Cu F.Paste F.Mask)
      (net 9 +3.3V))
    (pad 2 smd rect (at 0.95 0) (size 1.2 0.75) (layers F.Cu F.Paste F.Mask)
      (net 2 GND))
    (model Capacitors_SMD.3dshapes/C_0603_HandSoldering.wrl
      (at (xyz 0 0 0))
      (scale (xyz 1 1 1))
      (rotate (xyz 0 0 0))
    )
  )

  (module Capacitors_SMD:C_0603_HandSoldering placed (layer B.Cu) (tedit 541A9B4D) (tstamp 577E5955)
    (at 139.446 84.8868 180)
    (descr "Capacitor SMD 0603, hand soldering")
    (tags "capacitor 0603")
    (path /5649EDE7)
    (attr smd)
    (fp_text reference C15 (at 0 1.9 180) (layer B.SilkS)
      (effects (font (size 1 1) (thickness 0.15)) (justify mirror))
    )
    (fp_text value 33nF (at 0 -1.9 180) (layer B.Fab)
      (effects (font (size 1 1) (thickness 0.15)) (justify mirror))
    )
    (fp_line (start -1.85 0.75) (end 1.85 0.75) (layer B.CrtYd) (width 0.05))
    (fp_line (start -1.85 -0.75) (end 1.85 -0.75) (layer B.CrtYd) (width 0.05))
    (fp_line (start -1.85 0.75) (end -1.85 -0.75) (layer B.CrtYd) (width 0.05))
    (fp_line (start 1.85 0.75) (end 1.85 -0.75) (layer B.CrtYd) (width 0.05))
    (fp_line (start -0.35 0.6) (end 0.35 0.6) (layer B.SilkS) (width 0.15))
    (fp_line (start 0.35 -0.6) (end -0.35 -0.6) (layer B.SilkS) (width 0.15))
    (pad 1 smd rect (at -0.95 0 180) (size 1.2 0.75) (layers B.Cu B.Paste B.Mask)
      (net 2 GND))
    (pad 2 smd rect (at 0.95 0 180) (size 1.2 0.75) (layers B.Cu B.Paste B.Mask)
      (net 11 "Net-(C15-Pad2)"))
    (model Capacitors_SMD.3dshapes/C_0603_HandSoldering.wrl
      (at (xyz 0 0 0))
      (scale (xyz 1 1 1))
      (rotate (xyz 0 0 0))
    )
  )

  (module Capacitors_SMD:C_0603_HandSoldering placed (layer F.Cu) (tedit 541A9B4D) (tstamp 577E5961)
    (at 129.286 110.7948 90)
    (descr "Capacitor SMD 0603, hand soldering")
    (tags "capacitor 0603")
    (path /56470B41)
    (attr smd)
    (fp_text reference C16 (at 0 -1.9 90) (layer F.SilkS)
      (effects (font (size 1 1) (thickness 0.15)))
    )
    (fp_text value 4.7uF (at 0 1.9 90) (layer F.Fab)
      (effects (font (size 1 1) (thickness 0.15)))
    )
    (fp_line (start -1.85 -0.75) (end 1.85 -0.75) (layer F.CrtYd) (width 0.05))
    (fp_line (start -1.85 0.75) (end 1.85 0.75) (layer F.CrtYd) (width 0.05))
    (fp_line (start -1.85 -0.75) (end -1.85 0.75) (layer F.CrtYd) (width 0.05))
    (fp_line (start 1.85 -0.75) (end 1.85 0.75) (layer F.CrtYd) (width 0.05))
    (fp_line (start -0.35 -0.6) (end 0.35 -0.6) (layer F.SilkS) (width 0.15))
    (fp_line (start 0.35 0.6) (end -0.35 0.6) (layer F.SilkS) (width 0.15))
    (pad 1 smd rect (at -0.95 0 90) (size 1.2 0.75) (layers F.Cu F.Paste F.Mask)
      (net 2 GND))
    (pad 2 smd rect (at 0.95 0 90) (size 1.2 0.75) (layers F.Cu F.Paste F.Mask)
      (net 12 "Net-(C16-Pad2)"))
    (model Capacitors_SMD.3dshapes/C_0603_HandSoldering.wrl
      (at (xyz 0 0 0))
      (scale (xyz 1 1 1))
      (rotate (xyz 0 0 0))
    )
  )

  (module Capacitors_SMD:C_0603_HandSoldering placed (layer F.Cu) (tedit 541A9B4D) (tstamp 577E596D)
    (at 129.286 101.6508 180)
    (descr "Capacitor SMD 0603, hand soldering")
    (tags "capacitor 0603")
    (path /56470871)
    (attr smd)
    (fp_text reference C17 (at 0 -1.9 180) (layer F.SilkS)
      (effects (font (size 1 1) (thickness 0.15)))
    )
    (fp_text value 0.22uF (at 0 1.9 180) (layer F.Fab)
      (effects (font (size 1 1) (thickness 0.15)))
    )
    (fp_line (start -1.85 -0.75) (end 1.85 -0.75) (layer F.CrtYd) (width 0.05))
    (fp_line (start -1.85 0.75) (end 1.85 0.75) (layer F.CrtYd) (width 0.05))
    (fp_line (start -1.85 -0.75) (end -1.85 0.75) (layer F.CrtYd) (width 0.05))
    (fp_line (start 1.85 -0.75) (end 1.85 0.75) (layer F.CrtYd) (width 0.05))
    (fp_line (start -0.35 -0.6) (end 0.35 -0.6) (layer F.SilkS) (width 0.15))
    (fp_line (start 0.35 0.6) (end -0.35 0.6) (layer F.SilkS) (width 0.15))
    (pad 1 smd rect (at -0.95 0 180) (size 1.2 0.75) (layers F.Cu F.Paste F.Mask)
      (net 13 "Net-(C17-Pad1)"))
    (pad 2 smd rect (at 0.95 0 180) (size 1.2 0.75) (layers F.Cu F.Paste F.Mask)
      (net 14 "Net-(C17-Pad2)"))
    (model Capacitors_SMD.3dshapes/C_0603_HandSoldering.wrl
      (at (xyz 0 0 0))
      (scale (xyz 1 1 1))
      (rotate (xyz 0 0 0))
    )
  )

  (module Capacitors_SMD:C_0603_HandSoldering placed (layer B.Cu) (tedit 541A9B4D) (tstamp 577E5979)
    (at 135.128 79.5528)
    (descr "Capacitor SMD 0603, hand soldering")
    (tags "capacitor 0603")
    (path /564C91F8)
    (attr smd)
    (fp_text reference C18 (at 0 1.9) (layer B.SilkS)
      (effects (font (size 1 1) (thickness 0.15)) (justify mirror))
    )
    (fp_text value 1pF (at 0 -1.9) (layer B.Fab)
      (effects (font (size 1 1) (thickness 0.15)) (justify mirror))
    )
    (fp_line (start -1.85 0.75) (end 1.85 0.75) (layer B.CrtYd) (width 0.05))
    (fp_line (start -1.85 -0.75) (end 1.85 -0.75) (layer B.CrtYd) (width 0.05))
    (fp_line (start -1.85 0.75) (end -1.85 -0.75) (layer B.CrtYd) (width 0.05))
    (fp_line (start 1.85 0.75) (end 1.85 -0.75) (layer B.CrtYd) (width 0.05))
    (fp_line (start -0.35 0.6) (end 0.35 0.6) (layer B.SilkS) (width 0.15))
    (fp_line (start 0.35 -0.6) (end -0.35 -0.6) (layer B.SilkS) (width 0.15))
    (pad 1 smd rect (at -0.95 0) (size 1.2 0.75) (layers B.Cu B.Paste B.Mask)
      (net 2 GND))
    (pad 2 smd rect (at 0.95 0) (size 1.2 0.75) (layers B.Cu B.Paste B.Mask)
      (net 112 /ANT))
    (model Capacitors_SMD.3dshapes/C_0603_HandSoldering.wrl
      (at (xyz 0 0 0))
      (scale (xyz 1 1 1))
      (rotate (xyz 0 0 0))
    )
  )

  (module Capacitors_SMD:C_0603_HandSoldering placed (layer B.Cu) (tedit 541A9B4D) (tstamp 577E5985)
    (at 150.876 81.3308)
    (descr "Capacitor SMD 0603, hand soldering")
    (tags "capacitor 0603")
    (path /564C91F2)
    (attr smd)
    (fp_text reference C19 (at 0 1.9) (layer B.SilkS)
      (effects (font (size 1 1) (thickness 0.15)) (justify mirror))
    )
    (fp_text value 1.5pF (at 0 -1.9) (layer B.Fab)
      (effects (font (size 1 1) (thickness 0.15)) (justify mirror))
    )
    (fp_line (start -1.85 0.75) (end 1.85 0.75) (layer B.CrtYd) (width 0.05))
    (fp_line (start -1.85 -0.75) (end 1.85 -0.75) (layer B.CrtYd) (width 0.05))
    (fp_line (start -1.85 0.75) (end -1.85 -0.75) (layer B.CrtYd) (width 0.05))
    (fp_line (start 1.85 0.75) (end 1.85 -0.75) (layer B.CrtYd) (width 0.05))
    (fp_line (start -0.35 0.6) (end 0.35 0.6) (layer B.SilkS) (width 0.15))
    (fp_line (start 0.35 -0.6) (end -0.35 -0.6) (layer B.SilkS) (width 0.15))
    (pad 1 smd rect (at -0.95 0) (size 1.2 0.75) (layers B.Cu B.Paste B.Mask)
      (net 112 /ANT))
    (pad 2 smd rect (at 0.95 0) (size 1.2 0.75) (layers B.Cu B.Paste B.Mask)
      (net 15 "Net-(C19-Pad2)"))
    (model Capacitors_SMD.3dshapes/C_0603_HandSoldering.wrl
      (at (xyz 0 0 0))
      (scale (xyz 1 1 1))
      (rotate (xyz 0 0 0))
    )
  )

  (module Capacitors_SMD:C_0603_HandSoldering placed (layer B.Cu) (tedit 541A9B4D) (tstamp 577E5991)
    (at 148.336 85.9028 270)
    (descr "Capacitor SMD 0603, hand soldering")
    (tags "capacitor 0603")
    (path /564C89F3)
    (attr smd)
    (fp_text reference C20 (at 0 1.9 270) (layer B.SilkS)
      (effects (font (size 1 1) (thickness 0.15)) (justify mirror))
    )
    (fp_text value 4.7pF (at 0 -1.9 270) (layer B.Fab)
      (effects (font (size 1 1) (thickness 0.15)) (justify mirror))
    )
    (fp_line (start -1.85 0.75) (end 1.85 0.75) (layer B.CrtYd) (width 0.05))
    (fp_line (start -1.85 -0.75) (end 1.85 -0.75) (layer B.CrtYd) (width 0.05))
    (fp_line (start -1.85 0.75) (end -1.85 -0.75) (layer B.CrtYd) (width 0.05))
    (fp_line (start 1.85 0.75) (end 1.85 -0.75) (layer B.CrtYd) (width 0.05))
    (fp_line (start -0.35 0.6) (end 0.35 0.6) (layer B.SilkS) (width 0.15))
    (fp_line (start 0.35 -0.6) (end -0.35 -0.6) (layer B.SilkS) (width 0.15))
    (pad 1 smd rect (at -0.95 0 270) (size 1.2 0.75) (layers B.Cu B.Paste B.Mask)
      (net 16 "Net-(C20-Pad1)"))
    (pad 2 smd rect (at 0.95 0 270) (size 1.2 0.75) (layers B.Cu B.Paste B.Mask)
      (net 17 "Net-(C20-Pad2)"))
    (model Capacitors_SMD.3dshapes/C_0603_HandSoldering.wrl
      (at (xyz 0 0 0))
      (scale (xyz 1 1 1))
      (rotate (xyz 0 0 0))
    )
  )

  (module Capacitors_SMD:C_0603_HandSoldering placed (layer B.Cu) (tedit 541A9B4D) (tstamp 577E599D)
    (at 148.336 93.0148 90)
    (descr "Capacitor SMD 0603, hand soldering")
    (tags "capacitor 0603")
    (path /564C89F9)
    (attr smd)
    (fp_text reference C21 (at 0 1.9 90) (layer B.SilkS)
      (effects (font (size 1 1) (thickness 0.15)) (justify mirror))
    )
    (fp_text value 2.2nF (at 0 -1.9 90) (layer B.Fab)
      (effects (font (size 1 1) (thickness 0.15)) (justify mirror))
    )
    (fp_line (start -1.85 0.75) (end 1.85 0.75) (layer B.CrtYd) (width 0.05))
    (fp_line (start -1.85 -0.75) (end 1.85 -0.75) (layer B.CrtYd) (width 0.05))
    (fp_line (start -1.85 0.75) (end -1.85 -0.75) (layer B.CrtYd) (width 0.05))
    (fp_line (start 1.85 0.75) (end 1.85 -0.75) (layer B.CrtYd) (width 0.05))
    (fp_line (start -0.35 0.6) (end 0.35 0.6) (layer B.SilkS) (width 0.15))
    (fp_line (start 0.35 -0.6) (end -0.35 -0.6) (layer B.SilkS) (width 0.15))
    (pad 1 smd rect (at -0.95 0 90) (size 1.2 0.75) (layers B.Cu B.Paste B.Mask)
      (net 16 "Net-(C20-Pad1)"))
    (pad 2 smd rect (at 0.95 0 90) (size 1.2 0.75) (layers B.Cu B.Paste B.Mask)
      (net 18 "Net-(C21-Pad2)"))
    (model Capacitors_SMD.3dshapes/C_0603_HandSoldering.wrl
      (at (xyz 0 0 0))
      (scale (xyz 1 1 1))
      (rotate (xyz 0 0 0))
    )
  )

  (module Capacitors_SMD:C_0603_HandSoldering placed (layer F.Cu) (tedit 541A9B4D) (tstamp 577E59A9)
    (at 139.446 81.5848 180)
    (descr "Capacitor SMD 0603, hand soldering")
    (tags "capacitor 0603")
    (path /577B6962)
    (attr smd)
    (fp_text reference C22 (at 0 -1.9 180) (layer F.SilkS)
      (effects (font (size 1 1) (thickness 0.15)))
    )
    (fp_text value 22pF (at 0 1.9 180) (layer F.Fab)
      (effects (font (size 1 1) (thickness 0.15)))
    )
    (fp_line (start -1.85 -0.75) (end 1.85 -0.75) (layer F.CrtYd) (width 0.05))
    (fp_line (start -1.85 0.75) (end 1.85 0.75) (layer F.CrtYd) (width 0.05))
    (fp_line (start -1.85 -0.75) (end -1.85 0.75) (layer F.CrtYd) (width 0.05))
    (fp_line (start 1.85 -0.75) (end 1.85 0.75) (layer F.CrtYd) (width 0.05))
    (fp_line (start -0.35 -0.6) (end 0.35 -0.6) (layer F.SilkS) (width 0.15))
    (fp_line (start 0.35 0.6) (end -0.35 0.6) (layer F.SilkS) (width 0.15))
    (pad 1 smd rect (at -0.95 0 180) (size 1.2 0.75) (layers F.Cu F.Paste F.Mask)
      (net 19 "Net-(C22-Pad1)"))
    (pad 2 smd rect (at 0.95 0 180) (size 1.2 0.75) (layers F.Cu F.Paste F.Mask)
      (net 2 GND))
    (model Capacitors_SMD.3dshapes/C_0603_HandSoldering.wrl
      (at (xyz 0 0 0))
      (scale (xyz 1 1 1))
      (rotate (xyz 0 0 0))
    )
  )

  (module Capacitors_SMD:C_0603_HandSoldering placed (layer F.Cu) (tedit 541A9B4D) (tstamp 577E59B5)
    (at 139.446 84.1248)
    (descr "Capacitor SMD 0603, hand soldering")
    (tags "capacitor 0603")
    (path /577B6968)
    (attr smd)
    (fp_text reference C23 (at 0 -1.9) (layer F.SilkS)
      (effects (font (size 1 1) (thickness 0.15)))
    )
    (fp_text value 22pF (at 0 1.9) (layer F.Fab)
      (effects (font (size 1 1) (thickness 0.15)))
    )
    (fp_line (start -1.85 -0.75) (end 1.85 -0.75) (layer F.CrtYd) (width 0.05))
    (fp_line (start -1.85 0.75) (end 1.85 0.75) (layer F.CrtYd) (width 0.05))
    (fp_line (start -1.85 -0.75) (end -1.85 0.75) (layer F.CrtYd) (width 0.05))
    (fp_line (start 1.85 -0.75) (end 1.85 0.75) (layer F.CrtYd) (width 0.05))
    (fp_line (start -0.35 -0.6) (end 0.35 -0.6) (layer F.SilkS) (width 0.15))
    (fp_line (start 0.35 0.6) (end -0.35 0.6) (layer F.SilkS) (width 0.15))
    (pad 1 smd rect (at -0.95 0) (size 1.2 0.75) (layers F.Cu F.Paste F.Mask)
      (net 2 GND))
    (pad 2 smd rect (at 0.95 0) (size 1.2 0.75) (layers F.Cu F.Paste F.Mask)
      (net 20 "Net-(C23-Pad2)"))
    (model Capacitors_SMD.3dshapes/C_0603_HandSoldering.wrl
      (at (xyz 0 0 0))
      (scale (xyz 1 1 1))
      (rotate (xyz 0 0 0))
    )
  )
